7.43073100603
1.0207188498
0.101444725471
0.0711898361116
0.0166549388914
0.0179835908093
0.00546811049824
0.00704792811757
0.00243636089893
0.00345964186832
0.00129141388578
0.00194899632195
0.000766305567394
0.00120531978
0.000492563645826
0.00079756820639
0.00033632390645
0.000555682273462
0.000240967242565
0.000403318385732
0.000179729077983
0.000302718600298
0.000138832647825
0.000233743636037
0.000110691629473
0.00018498006552
9.08931090927e-05
0.000149629221739
7.67506925969e-05
0.000123468941674
6.65650745529e-05
0.000103782627006
5.92255003341e-05
8.87683070117e-05
5.39850220035e-05
7.71986037543e-05
5.03287250071e-05
6.82178358814e-05
4.78938001743e-05
6.12170443182e-05
4.64195956422e-05
5.57548252695e-05
4.57155680332e-05
5.15059143683e-05
4.56402279412e-05
4.82270401791e-05
4.60870121074e-05
4.57337860323e-05
4.6974620407e-05
4.38846231209e-05
4.82402908549e-05
4.25697081544e-05
4.98350446049e-05
4.17029038778e-05
5.17202747273e-05
4.12160157176e-05
5.38652661399e-05
4.10545754557e-05
5.62453701796e-05
4.11747199792e-05
5.88406456099e-05
4.1540855221e-05
6.16348361093e-05
4.21238898603e-05
6.46145932986e-05
4.28998870726e-05
6.77688808759e-05
4.38490262093e-05
7.10885136809e-05
4.49547964847e-05
7.45657982233e-05
4.62033659216e-05
7.81942501912e-05
4.75830838192e-05
8.19683708398e-05
4.90840857634e-05
8.58834687733e-05
5.06979779894e-05
8.99355169744e-05
5.24175835807e-05
9.41210373961e-05
5.4236737191e-05
9.84370072474e-05
5.61501180774e-05
0.000102880782457
5.81531135726e-05
0.000107450034825
6.02417068735e-05
0.000112142700136
6.24123843699e-05
0.000116956935096
6.46620587476e-05
0.000121891081426
6.69880048991e-05
0.000126943635753
6.93878062736e-05
0.000132113224256
7.18593097791e-05
0.000137398581206
7.44005877208e-05
0.000142798530711
