1.24209607939e-06
1.24209534938e-06
1.24209388935e-06
1.24209169932e-06
1.24208877928e-06
1.24208512925e-06
1.24208074924e-06
1.24207563926e-06
1.24206979932e-06
1.24206322945e-06
1.24205592965e-06
1.24204789994e-06
1.24203914036e-06
1.24202965093e-06
1.24201943167e-06
1.24200848261e-06
1.24199680378e-06
1.24198439521e-06
1.24197125695e-06
1.24195738902e-06
1.24194279146e-06
1.24192746432e-06
1.24191140764e-06
1.24189462146e-06
1.24187710584e-06
1.24185886081e-06
1.24183988643e-06
1.24182018276e-06
1.24179974985e-06
1.24177858775e-06
1.24175669653e-06
1.24173407625e-06
1.24171072696e-06
1.24168664874e-06
1.24166184166e-06
1.24163630577e-06
1.24161004116e-06
1.2415830479e-06
1.24155532606e-06
1.24152687573e-06
1.24149769697e-06
1.24146778987e-06
1.24143715452e-06
1.241405791e-06
1.2413736994e-06
1.24134087981e-06
1.24130733232e-06
1.24127305703e-06
1.24123805403e-06
1.24120232341e-06
1.24116586529e-06
1.24112867975e-06
1.24109076691e-06
1.24105212687e-06
1.24101275974e-06
1.24097266563e-06
1.24093184465e-06
1.24089029691e-06
1.24084802254e-06
1.24080502165e-06
1.24076129435e-06
1.24071684078e-06
1.24067166106e-06
1.24062575531e-06
1.24057912366e-06
1.24053176624e-06
1.24048368318e-06
1.24043487463e-06
1.24038534071e-06
1.24033508156e-06
1.24028409733e-06
1.24023238815e-06
1.24017995418e-06
1.24012679555e-06
1.24007291242e-06
1.24001830493e-06
1.23996297325e-06
1.23990691752e-06
1.23985013789e-06
1.23979263454e-06
1.23973440762e-06
1.23967545729e-06
1.23961578371e-06
1.23955538706e-06
1.2394942675e-06
1.2394324252e-06
1.23936986034e-06
1.23930657309e-06
1.23924256363e-06
1.23917783213e-06
1.23911237877e-06
1.23904620375e-06
1.23897930723e-06
1.23891168942e-06
1.23884335049e-06
1.23877429065e-06
1.23870451007e-06
1.23863400897e-06
1.23856278752e-06
1.23849084593e-06
1.23841818441e-06
