1.0
0.125
0.037037037037
0.015625
0.008
0.00462962962963
0.00291545189504
0.001953125
0.00137174211248
0.001
0.000751314800902
0.000578703703704
0.00045516613564
0.00036443148688
0.000296296296296
0.000244140625
0.000203541624262
0.00017146776406
0.0001457938475
0.000125
0.000107979699816
9.39143501127e-05
8.2189529054e-05
7.2337962963e-05
6.4e-05
5.68957669549e-05
5.08052634253e-05
4.55539358601e-05
4.10020911066e-05
3.7037037037e-05
3.35671847202e-05
3.0517578125e-05
2.78264741075e-05
2.54427030328e-05
2.33236151603e-05
2.14334705075e-05
1.97421672951e-05
1.82242309375e-05
1.68580050237e-05
1.5625e-05
1.45093657956e-05
1.34974624771e-05
1.25775088986e-05
1.17392937641e-05
1.09739368999e-05
1.02736911317e-05
9.6317771592e-06
9.04224537037e-06
8.49985975231e-06
8e-06
7.53857867638e-06
7.11197086937e-06
6.71695426426e-06
6.35065792816e-06
6.01051840721e-06
5.69424198251e-06
5.39977212962e-06
5.12526138833e-06
4.86904698143e-06
4.62962962963e-06
4.40565509888e-06
4.19589809003e-06
3.99924814135e-06
3.81469726562e-06
3.64132908512e-06
3.47830926343e-06
3.32487706267e-06
3.1803378791e-06
3.04405663163e-06
2.91545189504e-06
2.79399068484e-06
2.67918381344e-06
2.57058174836e-06
2.46777091189e-06
2.37037037037e-06
2.27802886718e-06
2.19042216006e-06
2.10725062796e-06
2.02823711714e-06
1.953125e-06
